5.3094 165.7005 8.3533 4.5097 0.3015 banana
6.7214 186.7118 6.4715 3.6922 0.2974 apple
1.1963 6.0353 9.4975 3.715 0.0152 grape
2.4578 20.2524 7.2718 3.1932 0.9902 strawberry
1.9365 2.5855 8.0772 3.8687 0.0216 grape
6.435 186.1362 6.1611 3.6826 0.1994 apple
5.6842 165.1328 8.1691 4.8872 0.2709 banana
1.1465 5.2754 8.6548 3.8447 0.057 grape
6.8778 238.1633 6.8404 3.9686 0.1873 apple
1.7959 5.8687 8.5297 3.5658 0.0827 grape
7.9497 236.4251 6.8344 3.8566 0.3593 apple
1.8973 7.8282 8.583 3.535 0.0151 grape
7.3888 288.7618 6.0401 3.0315 0.2045 orange
3.0232 23.3332 7.4294 3.1119 0.9575 strawberry
2.5765 22.0305 7.6416 3.1492 0.9859 strawberry
7.7408 247.9624 7.2227 3.5936 0.3703 apple
3.2195 19.3364 7.5057 3.3986 0.9757 strawberry
6.6784 195.9691 7.1539 4.3813 0.1583 apple
7.6713 243.6816 6.0592 4.1458 0.3159 apple
6.6852 191.0202 7.2407 4.148 0.4079 apple
2.2618 20.4851 7.027 3.0494 0.9858 strawberry
6.6111 202.9461 6.8837 3.8427 0.2222 orange
6.9928 205.6558 6.0792 4.0984 0.2093 apple
7.8266 226.7915 6.4442 3.8055 0.2023 apple
2.9099 18.0076 7.0094 3.2081 0.9723 strawberry
7.2307 241.6705 6.6499 3.5555 0.1802 apple
5.4057 151.7589 8.2897 4.757 0.3121 banana
5.2413 145.4746 7.9103 4.8878 0.2831 banana
5.1485 132.8986 7.7885 4.9547 0.3444 banana
5.7946 156.9634 7.2796 5.0945 0.2605 banana
5.0598 123.5458 8.0049 4.9084 0.3082 banana
6.1517 172.6842 8.0252 4.7078 0.301 banana
7.9657 247.1121 6.6575 3.606 0.1983 apple
5.5683 148.9863 7.8285 4.8051 0.3259 banana
6.223 189.9213 6.9118 4.2232 0.3069 apple
5.6989 161.7828 8.5833 4.6738 0.3129 banana
8.6189 276.7126 6.1664 3.1979 0.2001 orange
8.0772 265.817 6.3013 3.4862 0.222 orange
1.0967 4.085 8.9056 3.6551 0.0822 grape
5.8823 170.8315 7.6256 5.0069 0.2787 banana
