38 55.6 0
51 80.0 1
27 40.2 0
62 92.1 1
31 46.8 0
49 76.4 1
24 37.0 0
56 87.8 1
36 53.0 0
60 91.5 1
21 36.5 0
47 70.9 1
34 49.5 0
53 82.2 1
26 39.0 0
59 90.0 1
41 60.0 0
44 71.0 1
30 45.0 0
55 84.0 1
22 36.0 0
63 93.0 1
37 54.0 0
50 75.0 1
28 42.0 0
61 88.0 1
40 68.0 1
35 52.5 0
52 81.0 1
25 40.5 0
57 86.0 1
32 47.0 0
46 72.0 1
23 38.0 0
54 83.0 1
39 56.0 0
64 94.0 1
20 34.0 0
48 73.0 1
31 46.0 0
55 85.0 1
27 41.0 0
60 89.0 1
42 69.0 1
34 50.0 0
51 79.0 1
26 40.0 0
59 91.0 1
40 58.0 0
45 70.0 1
28 43.0 0
62 90.0 1
33 48.0 0
49 74.0 1
25 39.5 0
56 87.0 1
38 55.0 0
63 93.5 1
21 35.5 0
47 71.5 1
30 44.0 0
53 82.5 1
24 37.5 0
57 88.5 1
36 53.5 0
61 92.5 1
29 43.5 0
50 77.0 1
35 51.0 0
60 89.5 1